Agent1
8 9
20
1 9 6 7 7 5 7 6 7 10 4 10 8 6 6 4 4 7 6 10 
9
8 9 -30 8 8 -30 7 8 -30 7 7 -30 7 6 -30 7 5 -30 7 4 -30 7 3 -30 6 3 -30 
Agent2
3 7
20
2 4 5 2 10 5 6 4 7 6 3 9 1 9 8 10 2 6 3 4 
12
3 7 -25 3 6 -25 3 5 -25 3 4 -25 3 3 -25 4 3 -25 4 2 -25 4 1 -25 4 0 -25 5 0 -25 6 0 -25 6 1 -25 
Agent3
8 7
20
6 8 4 10 8 3 4 7 6 7 9 4 10 3 6 1 6 5 8 5 
8
8 7 -20 7 7 -20 7 6 -20 7 5 -20 6 5 -20 6 4 -20 6 3 -20 6 2 -20 
Agent4
6 8
20
10 10 5 4 9 5 5 2 9 3 1 9 7 3 9 3 3 4 5 10 
4
6 8 -15 6 7 -15 6 6 -15 6 5 -15 
Agent5
5 1
20
2 4 10 10 2 1 5 8 3 2 5 1 8 7 9 6 9 1 7 9 
2
5 1 15 6 1 15 
Human1
9 1
20
7 4 9 7 2 3 7 1 3 5 5 7 7 7 8 2 1 1 4 1 
4
9 1 5 8 1 5 7 1 5 6 1 5 
