10
10
100 -5 1
10
3 6 1 10 7 9 6 9 3 1 
4 6 5 10 2 7 1 3 8 9 
4 9 8 5 2 1 8 8 7 8 
7 8 7 2 10 8 6 4 9 8 
10 3 9 3 10 9 3 8 7 3 
6 1 6 4 5 8 6 3 4 5 
9 1 1 9 8 3 1 7 5 9 
8 1 8 1 8 6 7 7 4 1 
1 1 10 1 8 10 3 9 5 7 
2 10 5 9 6 2 9 2 6 3 
1
9 1 Me
5
8 9 A1
3 7 A2
8 7 A3
6 8 A4
5 1 A5
1
6 1 Target
20
7 4 9 7 2 3 7 1 3 5 5 7 7 7 8 2 1 1 4 1 
20
1 9 6 7 7 5 7 6 7 10 4 10 8 6 6 4 4 7 6 10 
20
2 4 5 2 10 5 6 4 7 6 3 9 1 9 8 10 2 6 3 4 
20
6 8 4 10 8 3 4 7 6 7 9 4 10 3 6 1 6 5 8 5 
20
10 10 5 4 9 5 5 2 9 3 1 9 7 3 9 3 3 4 5 10 
20
2 4 10 10 2 1 5 8 3 2 5 1 8 7 9 6 9 1 7 9 
