Agent1
4 6
20
5 1 1 9 5 9 9 8 3 9 9 8 4 5 8 7 1 4 10 10 
6
4 6 -10 3 6 -10 2 6 -10 2 5 -10 1 5 -10 1 4 -10 
Agent2
7 4
20
9 5 3 8 9 9 2 2 7 10 2 9 3 1 7 1 8 4 1 5 
7
7 4 -15 6 4 -15 5 4 -15 4 4 -15 3 4 -15 2 4 -15 1 4 -15 
Agent3
2 4
20
5 2 4 10 1 9 1 7 10 9 3 7 1 8 2 7 4 4 6 1 
3
2 4 10 1 4 10 1 3 10 
Agent4
7 7
20
6 7 5 4 7 9 9 8 6 3 7 8 10 4 3 8 10 10 10 9 
11
7 7 -30 6 7 -30 6 6 -30 6 5 -30 6 4 -30 6 3 -30 5 3 -30 4 3 -30 3 3 -30 2 3 -30 1 3 -30 
Agent5
3 9
20
10 9 4 8 4 9 3 5 4 6 5 4 4 10 2 4 1 9 8 7 
9
3 9 -20 3 8 -20 3 7 -20 2 7 -20 2 6 -20 2 5 -20 2 4 -20 2 3 -20 1 3 -20 
Human1
2 7
20
1 3 7 2 2 5 1 4 9 1 6 4 5 10 7 4 1 5 3 1 
6
2 7 -5 2 6 -5 1 6 -5 1 5 -5 1 4 -5 1 3 -5 
