Agent1
9 0
20
2 3 6 8 2 9 7 4 3 4 4 2 6 4 1 2 5 3 1 4 
16
9 0 -55 8 0 -55 7 0 -55 7 1 -55 7 2 -55 6 2 -55 6 3 -55 5 3 -55 4 3 -55 4 4 -55 4 5 -55 4 6 -55 3 6 -55 3 7 -55 3 8 -55 2 8 -55 
Agent2
2 5
20
4 9 2 6 1 9 5 7 5 9 10 1 5 5 2 9 5 10 7 1 
4
2 5 5 2 6 5 2 7 5 2 8 5 
Agent3
0 8
20
9 7 10 2 5 1 5 7 7 7 4 3 2 9 2 7 7 2 3 10 
5
0 8 10 0 9 10 1 9 10 2 9 10 2 8 10 
Agent4
9 7
20
7 2 6 10 4 7 2 2 3 1 9 7 3 1 8 5 6 8 7 5 
9
9 7 -20 8 7 -20 7 7 -20 6 7 -20 6 8 -20 5 8 -20 4 8 -20 3 8 -20 2 8 -20 
Agent5
1 9
20
4 5 6 8 2 1 7 5 1 2 6 3 3 3 4 1 4 6 5 7 
3
1 9 10 2 9 10 2 8 10 
Human1
4 9
20
7 3 2 3 8 6 8 3 7 9 6 7 10 4 8 6 9 6 8 7 
4
4 9 5 3 9 5 2 9 5 2 8 5 
