Agent1
2 9
20
7 9 9 3 2 4 10 1 7 1 9 5 7 8 4 1 2 9 9 5 
16
2 9 -45 3 9 -45 4 9 -45 5 9 -45 6 9 -45 6 8 -45 6 7 -45 6 6 -45 6 5 -45 6 4 -45 7 4 -45 7 3 -45 7 2 -45 7 1 -45 7 0 -45 6 0 -45 
Agent2
4 9
20
9 8 3 1 9 3 7 5 9 1 9 1 10 7 3 7 6 5 4 10 
12
4 9 -35 4 8 -35 4 7 -35 4 6 -35 4 5 -35 4 4 -35 5 4 -35 5 3 -35 5 2 -35 6 2 -35 6 1 -35 6 0 -35 
Agent3
4 6
20
5 7 10 5 1 7 8 6 9 2 2 6 8 10 6 4 1 8 6 3 
9
4 6 -20 5 6 -20 5 5 -20 6 5 -20 6 4 -20 6 3 -20 6 2 -20 6 1 -20 6 0 -20 
Agent4
8 1
20
6 7 1 8 9 9 4 6 8 6 1 9 5 2 6 8 1 6 1 6 
4
8 1 5 7 1 5 7 0 5 6 0 5 
Agent5
5 3
20
3 9 9 2 8 1 4 5 2 5 5 4 9 10 7 8 1 4 5 2 
7
5 3 0 6 3 0 7 3 0 7 2 0 7 1 0 7 0 0 6 0 0 
Human1
9 7
20
6 3 8 1 3 8 5 5 4 4 4 7 9 1 2 2 8 9 10 2 
11
9 7 -30 8 7 -30 8 6 -30 7 6 -30 6 6 -30 6 5 -30 6 4 -30 6 3 -30 6 2 -30 6 1 -30 6 0 -30 
