Agent1
3 3
20
9 5 6 10 8 5 7 10 5 10 6 5 2 1 10 9 2 10 7 3 
5
3 3 0 4 3 0 5 3 0 5 4 0 5 5 0 
Agent2
5 3
20
7 1 3 6 10 4 7 3 3 3 2 2 3 8 2 1 5 9 5 6 
3
5 3 10 5 4 10 5 5 10 
Agent3
7 2
20
1 3 7 4 5 2 7 10 7 10 7 7 5 9 9 7 4 8 1 9 
6
7 2 -5 6 2 -5 5 2 -5 5 3 -5 5 4 -5 5 5 -5 
Agent4
6 6
20
3 7 4 9 9 5 7 5 9 10 8 9 2 8 4 6 4 1 6 4 
3
6 6 10 5 6 10 5 5 10 
Agent5
8 3
20
6 8 10 10 5 1 10 1 5 9 9 3 9 6 5 4 2 5 3 8 
6
8 3 -5 7 3 -5 6 3 -5 6 4 -5 5 4 -5 5 5 -5 
Human1
5 9
20
7 4 2 10 9 5 4 7 10 2 4 1 3 2 5 4 5 2 6 8 
7
5 9 0 6 9 0 6 8 0 6 7 0 6 6 0 6 5 0 5 5 0 
