Agent1
5 2
20
7 5 7 1 8 3 5 8 7 4 1 2 2 4 7 1 7 5 3 1 
1
5 2 15 
Agent2
3 1
20
1 3 4 3 9 3 10 4 2 4 3 1 5 9 10 5 10 4 4 4 
11
3 1 0 2 1 0 1 1 0 1 2 0 1 3 0 2 3 0 2 4 0 3 4 0 4 4 0 4 3 0 5 3 0 
Agent3
6 5
20
7 10 5 5 7 9 1 10 6 8 3 1 3 7 8 8 2 2 1 6 
4
6 5 5 6 4 5 6 3 5 5 3 5 
Agent4
8 4
20
3 10 4 3 7 5 5 8 9 5 3 2 3 7 4 3 2 1 4 9 
5
8 4 0 7 4 0 6 4 0 5 4 0 5 3 0 
Agent5
0 9
20
2 3 4 2 4 10 2 9 6 9 6 7 2 6 5 5 6 10 1 3 
12
0 9 -35 1 9 -35 2 9 -35 3 9 -35 4 9 -35 5 9 -35 5 8 -35 5 7 -35 5 6 -35 5 5 -35 5 4 -35 5 3 -35 
Human1
2 6
20
3 3 8 5 9 2 2 2 6 9 10 3 7 8 5 3 1 10 8 7 
7
2 6 -10 3 6 -10 4 6 -10 5 6 -10 5 5 -10 5 4 -10 5 3 -10 
