10
10
100 -5 1
10
10 5 7 7 7 5 3 10 10 9 
7 4 10 6 3 7 3 6 8 1 
3 5 2 4 2 5 1 3 3 1 
5 3 5 3 4 5 10 4 9 6 
8 9 1 9 7 5 7 4 8 3 
3 10 2 8 2 10 5 9 7 4 
1 6 6 9 10 5 10 4 1 10 
6 3 10 10 3 3 7 4 2 5 
7 6 4 5 8 10 4 2 1 2 
9 9 5 1 5 4 4 6 5 10 
1
2 7 Me
5
4 6 A1
7 4 A2
2 4 A3
7 7 A4
3 9 A5
1
1 3 Target
20
1 3 7 2 2 5 1 4 9 1 6 4 5 10 7 4 1 5 3 1 
20
5 1 1 9 5 9 9 8 3 9 9 8 4 5 8 7 1 4 10 10 
20
9 5 3 8 9 9 2 2 7 10 2 9 3 1 7 1 8 4 1 5 
20
5 2 4 10 1 9 1 7 10 9 3 7 1 8 2 7 4 4 6 1 
20
6 7 5 4 7 9 9 8 6 3 7 8 10 4 3 8 10 10 10 9 
20
10 9 4 8 4 9 3 5 4 6 5 4 4 10 2 4 1 9 8 7 
