10
10
100 -5 1
10
5 6 10 10 9 4 2 8 5 7 
2 5 5 10 10 3 10 10 8 7 
9 10 7 1 4 3 1 5 9 9 
7 7 6 2 10 10 6 8 8 3 
8 7 8 10 8 10 5 9 4 4 
7 5 5 7 9 1 9 9 8 10 
1 5 1 5 5 2 6 9 2 7 
4 6 10 1 1 7 4 6 9 2 
6 4 1 3 1 7 5 8 4 6 
5 4 6 6 7 5 8 1 2 6 
1
5 9 Me
5
3 3 A1
5 3 A2
7 2 A3
6 6 A4
8 3 A5
1
5 5 Target
20
7 4 2 10 9 5 4 7 10 2 4 1 3 2 5 4 5 2 6 8 
20
9 5 6 10 8 5 7 10 5 10 6 5 2 1 10 9 2 10 7 3 
20
7 1 3 6 10 4 7 3 3 3 2 2 3 8 2 1 5 9 5 6 
20
1 3 7 4 5 2 7 10 7 10 7 7 5 9 9 7 4 8 1 9 
20
3 7 4 9 9 5 7 5 9 10 8 9 2 8 4 6 4 1 6 4 
20
6 8 10 10 5 1 10 1 5 9 9 3 9 6 5 4 2 5 3 8 
