Agent1
0 9
20
3 7 10 3 10 9 9 7 9 4 10 6 5 3 10 6 9 4 10 8 
14
0 9 -35 1 9 -35 1 8 -35 1 7 -35 2 7 -35 2 6 -35 2 5 -35 2 4 -35 1 4 -35 1 3 -35 1 2 -35 2 2 -35 2 1 -35 2 0 -35 
Agent2
1 6
20
3 2 8 9 3 7 1 4 8 4 1 6 5 9 1 5 2 5 3 3 
8
1 6 -15 1 5 -15 1 4 -15 1 3 -15 2 3 -15 2 2 -15 2 1 -15 2 0 -15 
Agent3
2 6
20
4 2 2 6 3 6 7 1 9 10 1 6 5 1 10 6 3 9 9 2 
9
2 6 -10 3 6 -10 3 5 -10 3 4 -10 2 4 -10 2 3 -10 2 2 -10 2 1 -10 2 0 -10 
Agent4
0 8
20
5 3 5 1 6 6 7 1 1 3 9 4 3 2 4 4 1 2 6 7 
12
0 8 -30 1 8 -30 2 8 -30 3 8 -30 3 7 -30 3 6 -30 3 5 -30 4 5 -30 4 4 -30 4 3 -30 3 3 -30 2 3 -30 
Agent5
2 0
20
4 6 7 3 7 5 6 4 9 3 5 6 3 1 9 6 8 7 7 3 
1
2 0 120 
Human1
4 8
20
8 10 7 9 5 2 3 6 9 7 3 5 2 2 8 6 5 7 2 3 
10
4 8 -30 5 8 -30 5 7 -30 5 6 -30 4 6 -30 4 5 -30 4 4 -30 4 3 -30 3 3 -30 3 2 -30 
