10
10
100 -5 1
10
8 10 3 8 5 8 7 9 9 6 
2 3 5 3 9 7 5 8 1 1 
6 4 1 6 5 2 5 3 3 9 
5 9 1 1 6 1 2 8 3 1 
4 4 2 9 3 3 5 7 4 4 
2 6 9 1 1 1 6 4 1 7 
1 7 6 4 10 8 4 2 7 3 
1 7 2 9 9 6 5 10 6 3 
1 4 5 7 7 7 9 1 10 1 
9 10 9 9 5 7 9 8 1 1 
1
9 7 Me
5
2 9 A1
4 9 A2
4 6 A3
8 1 A4
5 3 A5
1
6 0 Target
20
6 3 8 1 3 8 5 5 4 4 4 7 9 1 2 2 8 9 10 2 
20
7 9 9 3 2 4 10 1 7 1 9 5 7 8 4 1 2 9 9 5 
20
9 8 3 1 9 3 7 5 9 1 9 1 10 7 3 7 6 5 4 10 
20
5 7 10 5 1 7 8 6 9 2 2 6 8 10 6 4 1 8 6 3 
20
6 7 1 8 9 9 4 6 8 6 1 9 5 2 6 8 1 6 1 6 
20
3 9 9 2 8 1 4 5 2 5 5 4 9 10 7 8 1 4 5 2 
