Agent1
1 0
20
7 9 9 10 7 4 4 10 1 2 10 2 10 3 8 7 9 9 9 8 
2
1 0 10 1 1 10 
Agent2
5 0
20
9 10 8 3 2 3 3 10 5 10 8 5 10 1 3 6 1 9 8 5 
7
5 0 -10 4 0 -10 3 0 -10 2 0 -10 2 1 -10 1 1 -10 0 1 -10 
Agent3
0 6
20
4 5 3 4 9 7 7 9 8 1 2 7 9 2 1 6 10 9 10 6 
10
0 6 -5 1 6 -5 2 6 -5 2 5 -5 2 4 -5 2 3 -5 2 2 -5 1 2 -5 0 2 -5 0 1 -5 
Agent4
0 8
20
8 5 7 5 3 10 5 4 8 1 4 1 3 3 10 7 7 6 8 6 
12
0 8 -15 1 8 -15 2 8 -15 2 7 -15 2 6 -15 1 6 -15 0 6 -15 0 5 -15 0 4 -15 0 3 -15 0 2 -15 0 1 -15 
Agent5
3 5
20
3 9 4 3 4 6 3 7 9 2 6 4 5 4 5 1 2 4 10 4 
8
3 5 -15 3 4 -15 2 4 -15 1 4 -15 0 4 -15 0 3 -15 0 2 -15 0 1 -15 
Human1
7 9
20
3 8 4 6 10 6 7 2 1 7 8 5 10 1 6 1 6 5 7 3 
18
7 9 -55 6 9 -55 6 8 -55 6 7 -55 5 7 -55 4 7 -55 4 6 -55 4 5 -55 4 4 -55 3 4 -55 3 3 -55 2 3 -55 2 2 -55 2 1 -55 2 0 -55 1 0 -55 0 0 -55 0 1 -55 
