10
10
100 -5 1
10
9 7 2 7 10 2 1 10 10 5 
6 7 5 7 3 6 4 4 8 3 
1 6 7 4 5 1 1 7 2 3 
7 2 8 3 10 9 4 4 6 9 
10 7 4 1 4 7 2 10 1 2 
2 7 7 2 8 2 7 10 5 9 
6 7 8 1 7 9 4 10 8 9 
4 3 4 4 9 10 2 3 10 1 
9 7 4 7 3 7 3 7 4 1 
2 2 10 10 8 2 8 1 2 4 
1
4 9 Me
5
9 0 A1
2 5 A2
0 8 A3
9 7 A4
1 9 A5
1
2 8 Target
20
7 3 2 3 8 6 8 3 7 9 6 7 10 4 8 6 9 6 8 7 
20
2 3 6 8 2 9 7 4 3 4 4 2 6 4 1 2 5 3 1 4 
20
4 9 2 6 1 9 5 7 5 9 10 1 5 5 2 9 5 10 7 1 
20
9 7 10 2 5 1 5 7 7 7 4 3 2 9 2 7 7 2 3 10 
20
7 2 6 10 4 7 2 2 3 1 9 7 3 1 8 5 6 8 7 5 
20
4 5 6 8 2 1 7 5 1 2 6 3 3 3 4 1 4 6 5 7 
