Agent1
7 0
20
8 2 4 7 8 1 9 4 7 3 9 1 2 1 1 8 5 1 6 4 
16
7 0 -45 6 0 -45 5 0 -45 4 0 -45 3 0 -45 2 0 -45 1 0 -45 1 1 -45 1 2 -45 1 3 -45 1 4 -45 1 5 -45 1 6 -45 1 7 -45 1 8 -45 2 8 -45 
Agent2
4 8
20
5 9 5 6 1 2 10 5 5 10 1 5 10 8 10 5 4 4 3 6 
3
4 8 10 3 8 10 2 8 10 
Agent3
6 4
20
9 9 8 10 2 9 6 3 4 6 9 1 1 9 2 3 5 3 5 5 
11
6 4 -20 6 5 -20 7 5 -20 7 6 -20 7 7 -20 6 7 -20 5 7 -20 5 8 -20 4 8 -20 3 8 -20 2 8 -20 
Agent4
1 7
20
2 9 4 7 6 3 9 5 5 4 2 2 3 8 7 9 7 7 5 5 
2
1 7 10 1 8 10 
Agent5
9 1
20
8 5 8 7 6 2 8 6 9 9 6 2 4 1 10 4 4 8 5 3 
14
9 1 -50 8 1 -50 7 1 -50 7 2 -50 7 3 -50 6 3 -50 6 4 -50 5 4 -50 4 4 -50 4 5 -50 4 6 -50 4 7 -50 4 8 -50 3 8 -50 
Human1
8 1
20
8 2 10 8 4 9 10 1 7 2 3 2 10 2 8 1 7 10 4 5 
14
8 1 -45 8 2 -45 8 3 -45 8 4 -45 7 4 -45 7 5 -45 6 5 -45 6 6 -45 6 7 -45 5 7 -45 4 7 -45 3 7 -45 2 7 -45 2 8 -45 
