10
10
100 -5 1
10
3 1 5 8 10 7 8 1 1 5 
1 5 2 9 4 1 4 3 6 3 
4 3 5 10 3 3 10 10 1 5 
8 7 10 2 4 5 8 10 8 8 
2 2 1 6 10 2 6 7 6 5 
7 9 5 1 4 10 8 10 6 5 
1 1 6 5 8 5 10 9 7 1 
4 1 6 5 8 3 3 5 2 6 
6 2 7 8 8 3 4 1 2 2 
8 8 10 7 6 3 9 4 8 10 
1
8 1 Me
5
7 0 A1
4 8 A2
6 4 A3
1 7 A4
9 1 A5
1
2 8 Target
20
8 2 10 8 4 9 10 1 7 2 3 2 10 2 8 1 7 10 4 5 
20
8 2 4 7 8 1 9 4 7 3 9 1 2 1 1 8 5 1 6 4 
20
5 9 5 6 1 2 10 5 5 10 1 5 10 8 10 5 4 4 3 6 
20
9 9 8 10 2 9 6 3 4 6 9 1 1 9 2 3 5 3 5 5 
20
2 9 4 7 6 3 9 5 5 4 2 2 3 8 7 9 7 7 5 5 
20
8 5 8 7 6 2 8 6 9 9 6 2 4 1 10 4 4 8 5 3 
