10
10
100 -5 1
10
9 4 9 1 4 9 5 3 10 6 
10 9 3 10 6 5 3 2 6 2 
9 3 6 10 3 2 5 10 6 2 
6 1 3 6 5 3 10 3 7 2 
6 6 8 3 5 5 8 7 8 7 
10 3 1 9 9 3 6 6 4 4 
8 5 3 3 8 6 8 9 10 1 
4 9 10 8 2 3 6 7 4 8 
9 8 6 6 10 6 2 2 8 3 
4 8 6 1 4 9 6 1 7 5 
1
2 6 Me
5
5 2 A1
3 1 A2
6 5 A3
8 4 A4
0 9 A5
1
5 3 Target
20
3 3 8 5 9 2 2 2 6 9 10 3 7 8 5 3 1 10 8 7 
20
7 5 7 1 8 3 5 8 7 4 1 2 2 4 7 1 7 5 3 1 
20
1 3 4 3 9 3 10 4 2 4 3 1 5 9 10 5 10 4 4 4 
20
7 10 5 5 7 9 1 10 6 8 3 1 3 7 8 8 2 2 1 6 
20
3 10 4 3 7 5 5 8 9 5 3 2 3 7 4 3 2 1 4 9 
20
2 3 4 2 4 10 2 9 6 9 6 7 2 6 5 5 6 10 1 3 
