Agent1
0 9
10
5 1 4 5 3 6 1 1 10 4 
1
0 9 -2400 
Agent2
9 9
10
6 1 2 4 10 10 10 10 8 7 
2
9 9 -2700 8 9 -2700 
Agent3
9 0
10
7 4 7 1 3 10 6 3 2 2 
11
9 0 -3000 9 1 -3000 8 1 -3000 7 1 -3000 7 2 -3000 6 2 -3000 5 2 -3000 5 3 -3000 5 4 -3000 5 5 -3000 4 5 -3000 
Agent4
0 4
10
7 7 7 10 4 4 1 9 9 7 
3
0 4 -1500 1 4 -1500 1 5 -1500 
Agent5
4 9
10
4 2 10 6 1 8 3 3 5 9 
7
4 9 -1200 3 9 -1200 3 8 -1200 4 8 -1200 4 7 -1200 4 6 -1200 4 5 -1200 
Human1
0 0
10
9 4 1 4 3 9 7 6 6 9 
7
0 0 -2700 1 0 -2700 1 1 -2700 1 2 -2700 1 3 -2700 1 4 -2700 1 5 -2700 
